323906397609791488,1
323906397618196483,1
323906397735641088,1
323906397853073410,1
323906397962121216,1
323906398012461057,1
323906398230544385,1
323906398314438656,1
323906398352195585,1
323906398826164225,1
323906398993932289,1
323906399149109248,1
323906399295926273,1
323906399300100096,1
323906656318676993,1
323907087551836160,1
323907771256938496,1
323908455545049088,1
323908795254312962,1
323908795396943872,1
323906483584655360,2
323906485249789952,2
323911610236293120,2
323915000567697409,2
323916051614138368,2
323920146454425600,2
323921510282702848,2
323923559799996417,2
323925264352546816,2
323906650987692034,3
323906651209994241,3
323906653651079168,3
323906657333682176,3
323906398176030720,4
323906567294562306,4
323907258301939713,4
323910330315075584,4
323910330457669633,4
323955716392112128,4
323963901769297921,4
324226045052071936,4
323932094190439874,4
323909308188344320,5
324229792834674689,5
323906398423490561,6
323906482489921537,6
323906484629032960,6
323911097818173440,6
323913403460636673,6
323913403951357953,6
323913746231750656,6
323915624835342337,6
323916814490939393,6
323917413789868034,6
323918009901150208,6
323919716039155712,6
323921167381577728,6
323922279182520320,6
323924155391164416,6
323924496144797697,6
323924665074581504,6
323925432548335616,6
323927822072684544,6
323928504523694080,6
323929272685318147,6
323930212121317377,6
323932515599515649,6
323933624816787456,6
323944113764438016,6
323946504752603136,6
323950257832603648,6
324038827578626048,7
324067437886713856,7
324210976629067776,7
325063081929629696,7
324117950774775809,8
324117952695771137,8
324002623571255296,9
324070589214117888,9
324125626284007424,9
324132606608306176,9
324138055772561408,9
324154782782742529,9
324160230760005632,9
324179340675915779,9
324188481918230528,9
324227779530985472,9
324460055724433408,9
324534627039588355,9
324219503401644033,10
324358798179459073,10
324366333829586945,10
324375472681148416,10
324376801382133761,10
324419757661097984,10
324320247018573824,11
324327405743382529,11
324327410344542208,11
324423829088784384,11
324425542629732352,11
324427314060484608,11
324427596253253633,11
324427930631544832,11
324428255794978816,11
324346553835868161,12
324348252763873283,12
324368024561909760,12
324351038741901865,12
324326736198238763,12
324334932112843721,12
324310958418232934,12
324354128398432734,12
324337983412847463,12
324373063433847463,12
324382984012350293,12
324326985423982395,12
324372750330363904,13
324380629779247106,13
324418112688623616,13
324458862537228289,13
324470253339959298,13
324408472441585664,14
324408861563944960,14
324409861041438720,14
324409871061618689,14
324432383115935744,14
324437436077854721,14
324438127102013440,14
324439166496690176,14
324439832715747328,14
324440178842296321,14
324441529030701057,14
324441544377634816,14
324445289912074240,14
324445292130877440,14
324446653635522560,14
324452116863258624,14
324422817565257728,15
324423146381901825,15
324423157106749441,15
324423160525103105,15
324423494098120705,15
324423506957852672,15
324448013999304704,16
324448359932887040,16
324448711860158464,16
324451075501457408,16
324452781371060224,16
324785120085176320,17
324785122073251840,17
324785129241341952,17
324785131569168384,17
324787508997144576,17
324790912431583232,17
324799030859280384,17
325059351209443329,18
325059374814994434,18
325059598488829953,18
325059948511899648,18
325059996704452608,18
325060608246562816,18
325061078994284544,18
325063478140346370,18
325060138891350016,19
325060145082163200,19
325060154087309312,19
325060324992643072,19
325060826346184707,19
325162944931438592,20
325163043233337344,20
325165164561330176,20
325166486215856129,20
325170591164403712,20
325170934115864576,20
325171288526163968,20
325171606253080577,20
325172960413503489,20
325173634563964929,20
325175391654408192,20
325176378595102720,20
325178436660375552,20
325253327048822784,21
325253327640223744,21
325253669408874496,21
325253670746849280,21
325253670780416000,21
325254353877352448,21
325329802032721920,22
325335253487063041,22
325337623910559745,22
325337627857387521,22
325337640322871296,22
325338650076405761,22
325342218942554112,22
325350010961141760,22
325586012854185985,22
325409910588317696,23
325409910642835456,23
325409910714138625,23
325409910827401217,23
325409910869327872,23
325409910886117377,23
325409927193567232,23
325409992121389058,23
325409996290527232,23
325409996529602560,23
325409996726743041,23
325409996764479488,23
325409996965810176,23
325410254697414658,23
325410327036571649,23
325410327183364096,23
325410327200145409,23
325410327296614400,23
325701932083716096,24
325701934273134594,24
325701941478973440,24
325702031912349696,24
325702115865538560,24
325702269288992768,24
325702271591665664,24
325702273684627456,24
325702285621612545,24
325702287978795009,24
325702294287048705,24
325702294928764929,24
325702363174285312,24
325702375430057984,24
325702377279729664,24
325702626169729024,24
325702632603803648,24
325702633174204416,24
325702635405574145,24
325702711729348608,24
325702890297643008,24
325702936036524032,24
325702950859198464,24
325702955896553472,24
325702956185948160,24
325702958786441216,24
326228987233841152,24
325917940564250624,25
325927476566032385,25
325946283368013824,25
325946633986641920,25
325946659739668480,25
325946918842818560,25
325947086145212416,25
325947301745029121,25
325947340777222145,25
325947343281205248,25
